0813210802192018 
0124 22081111080012 041713041819 070413110424

142019 1405 190704 1308060719 19070019 021421041718 1204,
      0111000210 0018 190704 150819 05171412 15141104 1914 15141104,
08 1907001310 2207001904210417 06140318 120024 0104
      051417 1224 20130214131620041700011104 18142011.

0813 190704 05041111 021120190207 1405 020817022012181900130204
      08 07002104 131419 220813020403 131417 0217080403 0011142003.
2013030417 190704 011120030604141308130618 1405 020700130204
      1224 07040003 0818 011114140324, 012019 20130114220403.

010424141303 19070818 1511000204 1405 2217001907 001303 1904001718
      1114141218 012019 190704 071417171417 1405 190704 1807000304,
001303 240419 190704 120413000204 1405 190704 2404001718
      0508130318 001303 1807001111 05081303 1204 2013000517000803.

0819 12001919041718 131419 071422 181917000819 190704 06001904,
      071422 02070017060403 22081907 1520130818071204131918 190704 180217141111,
08 0012 190704 120018190417 1405 1224 05001904,
      08 0012 190704 02001519000813 1405 1224 18142011.
